_viz_net_graph = nengo_gui.components.NetGraph()
_viz_progress = nengo_gui.components.Progress()
_viz_config[_viz_progress].x = 0
_viz_config[_viz_progress].y = 0
_viz_config[_viz_progress].width = 100
_viz_config[_viz_progress].height = 100
_viz_config[_viz_progress].label_visible = True
_viz_sim_control = nengo_gui.components.SimControl()
_viz_config[_viz_sim_control].shown_time = 0.5
_viz_config[_viz_sim_control].kept_time = 4.0
_viz_config[model].pos=(0.06062076890578316, 0.0479635065743505)
_viz_config[model].size=(0.9036257029410468, 0.9036257029410468)
_viz_config[model].expanded=True
_viz_config[model].has_layout=True
_viz_config[model.nodes[0]].pos=(0.5, 0.07377049180327869)
_viz_config[model.nodes[0]].size=(0.3076923076923077, 0.03278688524590164)
_viz_config[model.nodes[1]].pos=(0.5, 0.18032786885245902)
_viz_config[model.nodes[1]].size=(0.3076923076923077, 0.03278688524590165)
_viz_config[model.nodes[2]].pos=(0.5, 0.28688524590163933)
_viz_config[model.nodes[2]].size=(0.3076923076923077, 0.03278688524590165)
_viz_config[model.nodes[3]].pos=(0.5, 0.39344262295081966)
_viz_config[model.nodes[3]].size=(0.3076923076923077, 0.03278688524590165)
_viz_config[model.nodes[4]].pos=(0.5, 0.5)
_viz_config[model.nodes[4]].size=(0.3076923076923077, 0.03278688524590165)
_viz_config[model.nodes[5]].pos=(0.5, 0.6065573770491803)
_viz_config[model.nodes[5]].size=(0.3076923076923077, 0.03278688524590162)
_viz_config[model.nodes[6]].pos=(0.5, 0.7131147540983607)
_viz_config[model.nodes[6]].size=(0.3076923076923077, 0.03278688524590162)
_viz_config[model.nodes[7]].pos=(0.5, 0.819672131147541)
_viz_config[model.nodes[7]].size=(0.3076923076923077, 0.03278688524590162)
_viz_config[node].pos=(0.5, 0.9262295081967213)
_viz_config[node].size=(0.3076923076923077, 0.03278688524590162)