_viz_1 = nengo_gui.components.Slider(stim_a)
_viz_config[_viz_1].max_value = 1
_viz_config[_viz_1].min_value = -1
_viz_config[_viz_1].x = 0.003714956680951546
_viz_config[_viz_1].y = 0.43050586555453635
_viz_config[_viz_1].width = 0.043728135932033986
_viz_config[_viz_1].height = 0.1398880895283773
_viz_config[_viz_1].label_visible = True
_viz_2 = nengo_gui.components.Value(d)
_viz_config[_viz_2].max_value = 1
_viz_config[_viz_2].min_value = 0
_viz_config[_viz_2].show_legend = False
_viz_config[_viz_2].legend_labels = ['label_0']
_viz_config[_viz_2].synapse = 0.01
_viz_config[_viz_2].x = 0.6755680094533858
_viz_config[_viz_2].y = 0.6857385087093031
_viz_config[_viz_2].width = 0.08745627186406797
_viz_config[_viz_2].height = 0.1398880895283773
_viz_config[_viz_2].label_visible = True
_viz_net_graph = nengo_gui.components.NetGraph()
_viz_progress = nengo_gui.components.Progress()
_viz_config[_viz_progress].x = 0
_viz_config[_viz_progress].y = 0
_viz_config[_viz_progress].width = 100
_viz_config[_viz_progress].height = 100
_viz_config[_viz_progress].label_visible = True
_viz_sim_control = nengo_gui.components.SimControl()
_viz_config[_viz_sim_control].shown_time = 0.5
_viz_config[_viz_sim_control].kept_time = 4.0
_viz_config[a].pos=(0.37696306713899685, 0.3901588569048941)
_viz_config[a].size=(0.04424778761061946, 0.1)
_viz_config[d].pos=(0.6574820996581352, 0.38916493682986253)
_viz_config[d].size=(0.04424778761061946, 0.1)
_viz_config[model].pos=(0.08033483258370816, 0.10873952882945756)
_viz_config[model].size=(0.8571428571428571, 0.8571428571428571)
_viz_config[model].expanded=True
_viz_config[model].has_layout=True
_viz_config[stim_a].pos=(0.13623276857146646, 0.3999502835317396)
_viz_config[stim_a].size=(0.035398230088495575, 0.08)