_viz_1 = nengo_gui.components.Slider(model.nodes[1])
_viz_config[_viz_1].max_value = 1
_viz_config[_viz_1].min_value = -1
_viz_config[_viz_1].x = 0.22440944881889766
_viz_config[_viz_1].y = 0.7000408491023102
_viz_config[_viz_1].width = 0.037821482602118005
_viz_config[_viz_1].height = 0.11990407673860912
_viz_config[_viz_1].label_visible = True
_viz_net_graph = nengo_gui.components.NetGraph()
_viz_progress = nengo_gui.components.Progress()
_viz_config[_viz_progress].x = 0
_viz_config[_viz_progress].y = 0
_viz_config[_viz_progress].width = 100
_viz_config[_viz_progress].height = 100
_viz_config[_viz_progress].label_visible = True
_viz_sim_control = nengo_gui.components.SimControl()
_viz_config[_viz_sim_control].shown_time = 0.5
_viz_config[_viz_sim_control].kept_time = 4.0
_viz_config[inp].pos=(0.051181102362204724, 0.5)
_viz_config[inp].size=(0.031496062992125984, 0.2)
_viz_config[model].pos=(0.012102874432677728, -0.01079055179285015)
_viz_config[model].size=(1.0, 1.0)
_viz_config[model].expanded=True
_viz_config[model].has_layout=True
_viz_config[model.ensembles[0]].pos=(0.34251968503937014, 0.5)
_viz_config[model.ensembles[0]].size=(0.03937007874015748, 0.25)
_viz_config[model.ensembles[1]].pos=(0.641732283464567, 0.5)
_viz_config[model.ensembles[1]].size=(0.03937007874015748, 0.25)
_viz_config[model.ensembles[2]].pos=(0.9409448818897638, 0.5)
_viz_config[model.ensembles[2]].size=(0.03937007874015748, 0.25)
_viz_config[model.nodes[1]].pos=(0.19291338582677167, 0.5)
_viz_config[model.nodes[1]].size=(0.031496062992125984, 0.2)
_viz_config[model.nodes[2]].pos=(0.4921259842519686, 0.5)
_viz_config[model.nodes[2]].size=(0.031496062992125984, 0.2)
_viz_config[model.nodes[3]].pos=(0.7913385826771654, 0.5)
_viz_config[model.nodes[3]].size=(0.031496062992125984, 0.2)