_viz_1 = nengo_gui.components.Pointer(output_spa,args='default')
_viz_config[_viz_1].show_pairs = False
_viz_config[_viz_1].max_size = 1000.0
_viz_config[_viz_1].x = 0.6309263474211931
_viz_config[_viz_1].y = 0.579528304462242
_viz_config[_viz_1].width = 0.11561119293078057
_viz_config[_viz_1].height = 0.09892524840339782
_viz_config[_viz_1].label_visible = True
_viz_2 = nengo_gui.components.HTMLView(display_node)
_viz_config[_viz_2].x = 0.4091549972021197
_viz_config[_viz_2].y = 0.5729169396225099
_viz_config[_viz_2].width = 0.09645963733431517
_viz_config[_viz_2].height = 0.1386243224774719
_viz_config[_viz_2].label_visible = True
_viz_3 = nengo_gui.components.Pointer(true_output_spa,args='default')
_viz_config[_viz_3].show_pairs = False
_viz_config[_viz_3].max_size = 1000.0
_viz_config[_viz_3].x = 0.6782374901530972
_viz_config[_viz_3].y = 0.8391365226797932
_viz_config[_viz_3].width = 0.07363770250368189
_viz_config[_viz_3].height = 0.05767195767195767
_viz_config[_viz_3].label_visible = True
_viz_4 = nengo_gui.components.SpaSimilarity(output_spa,args='default')
_viz_config[_viz_4].max_value = 1.5
_viz_config[_viz_4].min_value = -0.5
_viz_config[_viz_4].show_pairs = False
_viz_config[_viz_4].x = 0.8324533342711191
_viz_config[_viz_4].y = 0.5934323880931802
_viz_config[_viz_4].width = 0.09611309577214001
_viz_config[_viz_4].height = 0.1366906474820144
_viz_config[_viz_4].label_visible = True
_viz_net_graph = nengo_gui.components.NetGraph()
_viz_progress = nengo_gui.components.Progress()
_viz_config[_viz_progress].x = 0
_viz_config[_viz_progress].y = 0
_viz_config[_viz_progress].width = 100
_viz_config[_viz_progress].height = 100
_viz_config[_viz_progress].label_visible = True
_viz_sim_control = nengo_gui.components.SimControl()
_viz_config[_viz_sim_control].shown_time = 0.5
_viz_config[_viz_sim_control].kept_time = 4.0
_viz_config[display_node].pos=(0.25757575757575757, 0.5591836734693878)
_viz_config[display_node].size=(0.0404040404040404, 0.0326530612244898)
_viz_config[ensemble].pos=(0.2325285305686748, 0.2483798434601713)
_viz_config[ensemble].size=(0.07157880785334733, 0.10285454098281879)
_viz_config[error].pos=(0.36363269975524515, 0.10899315706995194)
_viz_config[error].size=(0.0404040404040404, 0.0326530612244898)
_viz_config[input_node].pos=(0.08756469286504624, 0.44928137065994556)
_viz_config[input_node].size=(0.0404040404040404, 0.0326530612244898)
_viz_config[model].pos=(-0.0241765847718272, -0.04274371390903329)
_viz_config[model].size=(1.0, 1.0)
_viz_config[model].expanded=True
_viz_config[model].has_layout=True
_viz_config[output_node].pos=(0.44949494949494945, 0.20408163265306123)
_viz_config[output_node].size=(0.0404040404040404, 0.0326530612244898)
_viz_config[output_spa].pos=(0.6337454069412833, 0.26333694155839354)
_viz_config[output_spa].size=(0.10101010101010101, 0.163265306122449)
_viz_config[output_spa].expanded=False
_viz_config[output_spa].has_layout=False
_viz_config[output_spa.state_ensembles].expanded=False
_viz_config[output_spa.state_ensembles].has_layout=False
_viz_config[true_output].pos=(0.2770832619789703, 0.8562318067684384)
_viz_config[true_output].size=(0.09302325581395349, 0.0326530612244898)
_viz_config[true_output_spa].pos=(0.5215261841970064, 0.8599352635750215)
_viz_config[true_output_spa].size=(0.05950953865123132, 0.08760897421653376)
_viz_config[true_output_spa].expanded=False
_viz_config[true_output_spa].has_layout=False
_viz_config[true_output_spa.state_ensembles].expanded=False
_viz_config[true_output_spa.state_ensembles].has_layout=False