_viz_0 = nengo_gui.components.Pointer(output_spa,args='default')
_viz_config[_viz_0].show_pairs = False
_viz_config[_viz_0].max_size = 1000.0
_viz_config[_viz_0].x = 0.8833948451951478
_viz_config[_viz_0].y = 0.8140651541309173
_viz_config[_viz_0].width = 0.08825012607160868
_viz_config[_viz_0].height = 0.15737412206465298
_viz_config[_viz_0].label_visible = True
_viz_1 = nengo_gui.components.Value(output_node)
_viz_config[_viz_1].max_value = 1
_viz_config[_viz_1].min_value = -1
_viz_config[_viz_1].show_legend = True
_viz_config[_viz_1].legend_labels = ['label_0', 'label_1', 'label_2', 'label_3', 'label_4', 'label_5', 'label_6', 'label_7', 'label_8', 'label_9']
_viz_config[_viz_1].synapse = 0.01
_viz_config[_viz_1].x = 0.5125540285338441
_viz_config[_viz_1].y = 0.5859693715024071
_viz_config[_viz_1].width = 0.09812167087188113
_viz_config[_viz_1].height = 0.12345679012345678
_viz_config[_viz_1].label_visible = True
_viz_2 = nengo_gui.components.HTMLView(display_node)
_viz_config[_viz_2].x = 0.572388655217702
_viz_config[_viz_2].y = 0.902398671932061
_viz_config[_viz_2].width = 0.08825012607160868
_viz_config[_viz_2].height = 0.1398880895283773
_viz_config[_viz_2].label_visible = True
_viz_net_graph = nengo_gui.components.NetGraph()
_viz_progress = nengo_gui.components.Progress()
_viz_config[_viz_progress].x = 0
_viz_config[_viz_progress].y = 0
_viz_config[_viz_progress].width = 100
_viz_config[_viz_progress].height = 100
_viz_config[_viz_progress].label_visible = True
_viz_sim_control = nengo_gui.components.SimControl()
_viz_config[_viz_sim_control].shown_time = 0.5
_viz_config[_viz_sim_control].kept_time = 4.0
_viz_config[display_node].pos=(0.33516483516483514, 0.8846153846153846)
_viz_config[display_node].size=(0.04395604395604395, 0.05128205128205128)
_viz_config[ensemble].pos=(0.31312786282964045, 0.3895157114177379)
_viz_config[ensemble].size=(0.1, 0.1)
_viz_config[error].pos=(0.3266429883527544, 0.11257141844055808)
_viz_config[error].size=(0.1, 0.1)
_viz_config[input_node].pos=(0.07142857142857142, 0.6025641025641025)
_viz_config[input_node].size=(0.04395604395604395, 0.05128205128205128)
_viz_config[model].pos=(0.08716146397730873, 0.05244296982451072)
_viz_config[model].size=(0.8571428571428571, 0.8571428571428571)
_viz_config[model].expanded=True
_viz_config[model].has_layout=True
_viz_config[output_node].pos=(0.5989010989010989, 0.32051282051282054)
_viz_config[output_node].size=(0.04395604395604395, 0.05128205128205128)
_viz_config[output_spa].pos=(0.865284866419511, 0.31911404528041404)
_viz_config[output_spa].size=(0.10989010989010989, 0.25641025641025644)
_viz_config[output_spa].expanded=False
_viz_config[output_spa].has_layout=True
_viz_config[output_spa.input].pos=(0.12745098039215685, 0.5)
_viz_config[output_spa.input].size=(0.07843137254901959, 0.2)
_viz_config[output_spa.output].pos=(0.872549019607843, 0.5)
_viz_config[output_spa.output].size=(0.07843137254901959, 0.2)
_viz_config[output_spa.state_ensembles].pos=(0.5, 0.5)
_viz_config[output_spa.state_ensembles].size=(0.4, 0.4)
_viz_config[output_spa.state_ensembles].expanded=False
_viz_config[output_spa.state_ensembles].has_layout=True
_viz_config[output_spa.state_ensembles.ea_ensembles[0]].pos=(0.49999999999999994, 0.5)
_viz_config[output_spa.state_ensembles.ea_ensembles[0]].size=(0.09803921568627451, 0.25)